1.5707963267949088 0.02
2.1322530144445446 0.02362537487707668
2.4700236229239536 0.032133055504440906
2.6544414841716217 0.04269454916523201
2.7635421514622127 0.054115912544392845
2.834093574164475 0.06594661367339488
2.883023863351431 0.07799485338630567
2.9188038471501265 0.09016739051277974
2.9460502738750773 0.10241359202903462
2.9674674582932083 0.11470336143981882
2.9847355806527136 0.12701740608981704
2.9989500486083536 0.13934253112384107
3.0108540268411494 0.15166918606216317
3.0209687808732597 0.16399010403357628
3.029670391771941 0.17629950711960074
3.037236826087613 0.18859262169774305
3.043877869818179 0.2008653717080735
3.0497547657692237 0.21311417824191742
3.0549934511596324 0.22533582492595516
3.059693697528833 0.23752736528617693
3.063935557004152 0.24968605762778465
3.067783995924519 0.26180931838700894
3.071292282805775 0.27389468815118523
3.074504503949885 0.28593980653522066
3.07745745758712 0.2979423933578747
3.0801820983445984 0.30990023437033637
3.082704651691777 0.32181117032183854
3.085047483003346 0.3336730885037689
3.087229781975025 0.34548391615691754
3.089268106551433 0.3572416152948948
3.0911768188657356 0.3689441786150545
3.0929684373808484 0.38058962625247916
3.0946539234264296 0.3921760031932915
3.0962429159505507 0.4037013772078231
3.097743925077899 0.4151638371967848
3.0991644926624775 0.4265614918678842
3.1005113262153214 0.4378924686785569
3.1017904112168284 0.44915491299433397
3.103007105774904 0.4603469874229277
3.1041662207821057 0.47146687129226594
3.105272088097704 0.4825127602470247
3.106328618790178 0.4934828659431469
3.1073393530898166 0.5043754158237219
3.1083075033955714 0.5151886529626736
3.109235991436983 0.5259208359651543
3.1101274804971015 0.5365702389154962
3.110984403445406 0.5471351513651728
3.111808987202707 0.5576138783544505
3.112603274156736 0.5680047404625209
3.113369140962728 0.5783060738816791
3.1141083150940436 0.5885162305118609
3.114822389450804 0.598633578072404
3.1155128352872707 0.6086565002283744
3.1161810136794665 0.6185833967291968
3.1168281857218045 0.6284126835576569
3.117455521614127 0.6381427930876152
3.11806410877754 0.6477721742490061
3.118654959118069 0.6572992926988922
3.119229015540782 0.6667226309974982
3.119787157803138 0.6760406887883149
3.120330207784518 0.6852519829814333
3.1208589342388136 0.6943550479394378
3.121374057088359 0.7033484356652082
3.121876251310085 0.7122307159910988
3.1223661504584412 0.7210004767690086
3.1228443498641507 0.7296563240609168
3.1233114095431542 0.7381968823295009
3.1237678568459804 0.7466207946285041
3.124214188874253 0.7549267227925486
3.1246508746879402 0.7631133476261222
3.1250783573242673 0.7711793690914995
3.1254970556468513 0.7791235064953743
3.1259073660415737 0.786944498674016
3.1263096639738865 0.794641104176748
3.126704305420666 0.8022121014476179
3.127091628188342 0.8096562890050819
3.1274719531277824 0.8169724856195846
3.127845585255341 0.8241595304889057
3.1282128147885073 0.831216283411158
3.1285739181037466 0.838141624955336
3.128929158623358 0.8449344566293138
3.1292787876375168 0.8515937010452067
3.129623045067058 0.8581183020820116
3.1299621601720222 0.8645072250454494
3.1302963522105243 0.8707594568249368
3.130625831052062 0.8768740060476268
3.130950797749008 0.8828499032294412
3.1312714450696872 0.8886862009230557
3.131587957996134 0.8943819738627653
3.1319005141893426 0.8999363191061897
3.132209284424589 0.905348356172764
3.1325144329991605 0.9106172271789733
3.132816118114647 0.9157420969702843
3.1331144922357486 0.920722153249735
3.1334097024274046 0.9255566067031464
3.1337018906718925 0.9302446911209125
3.1339911941674057 0.9347856635163438
3.134277745609514 0.9391788042405236
3.1345616734567807 0.9434234170936514
3.13484310218172 0.9475188294328393
3.1351221525081927 0.9514643922763395
3.1353989416362364 0.9552594804041713
3.135673583455276 0.958903492455125
3.135946188746566 0.9623958510201188
3.136216865375681 0.9657360027318869
3.1364857184757837 0.968923418350976
3.1367528506223774 0.9719575928480304
3.137018362000181 0.97483804548235
3.1372823505627356 0.9775643198766976
3.1375449121853025 0.9801359840883439
3.1378061408115836 0.9825526306763309
3.138066128594763 0.9848138767649435
3.138324966033335 0.9869193641033658
3.138582742102158 0.9888687591215235
3.138839544379158 0.9906617529820864
3.139095459168068 0.9922980616286291
3.139350571617585 0.9937774258299357
3.139604965837303 0.9950996112204401
3.139858725010759 0.996264408336794
3.140111931505931 0.9972716326505534
3.140364666983493 0.9981211245969782
3.140617012503141 0.9988127495999392
3.140869048628284 0.9993463980929254
3.141120855529393 0.9997219855361494
3.1413725130862815 0.9999394524297471
-3.141561206189978 0.9999987643230662
-3.141309608337715 0.9998999118200467
-3.1410579209214307 0.999642910580687
-3.14080606421266 0.9992278013185991
-3.140553958268466 0.9986546497946521
-3.14030152282977 0.9979235468067044
-3.140048677218827 0.9970346081754272
-3.1397953402355703 0.9959879747262246
-3.1395414300525384 0.9947838122672494
-3.1392868641080947 0.9934223115635242
-3.1390315589976407 0.9919036883071676
-3.1387754303625126 0.9902281830837378
-3.138518392776242 0.9883960613346953
-3.138260359627853 0.9864076133159962
-3.1380012430018422 0.9842631540528222
-3.1377409535544825 0.9819630232904583
-3.1374794003860735 0.9795075854413292
-3.137216490908731 0.9768972295282036
-3.1369521307092993 0.9741323691235805
-3.1366862234069353 0.9712134422852704
-3.1364186705048906 0.9681409114881836
-3.1361493712359865 0.9649152635523444
-3.1358782224012467 0.9615370095671437
-3.13560511820111 0.9580066848118469
-3.135329950058612 0.9543248486723813
-3.1350526064338755 0.9504920845544123
-3.134772972629209 0.9465089997927371
-3.1344909305840463 0.9423762255570148
-3.134206358658915 0.9380944167538526
-3.133919131407556 0.9336642519252779
-3.1336291193362356 0.9290864331436152
-3.1333361886492277 0.9243616859028009
-3.1330402009793503 0.9194907590061576
-3.132741013102351 0.9144744244506646
-3.132438476633834 0.9093134773077488
-3.1321324377072997 0.9040087356006369
-3.1318227366317584 0.8985610401782925
-3.1315092075272233 0.8929712545859932
-3.131191677936254 0.8872402649325624
-3.130869968409534 0.8813689797543223
-3.130543892063298 0.8753583298757919
-3.130213254106204 0.8692092682671878
-3.1298778513330188 0.8629227698987733
-3.1295374715822413 0.8564998315921085
-3.1291918931544846 0.8499414718682565
-3.128840884188146 0.8432487307930069
-3.1284842019885204 0.8364226698191801
-3.1281215923061354 0.8294643716260748
-3.12775278855965 0.8223749399561454
-3.1273775109981488 0.8151554994489671
-3.1269954657971404 0.8078071954725987
-3.126606344081935 0.8003311939524044
-3.126209820871387 0.7927286811974662
-3.125805553934214 0.7850008637246622
-3.125393182549225 0.7771489680805514
-3.1249723261597873 0.7691742406611775
-3.1245425829117597 0.7610779475299364
-3.1241035280628333 0.7528613742336572
-3.1236547122497895 0.7445258256170626
-3.123195659598541 0.7360726256357948
-3.122725865659965 0.7275031171682055
-3.122244795152398 0.7188186618261393
-3.12175187948924 0.7100206397649552
-3.121246514067323 0.7011104494930678
-3.1207280552885037 0.6920895076813149
-3.120195817283256 0.6829592489725035
-3.1196490683008045 0.6737211257915182
-3.119087026725435 0.6643766081564394
-3.118508856672939 0.6549271834911641
-3.117913663114564 0.6453743564400941
-3.117300486468166 0.635719648685534
-3.1166682965873105 0.625964598768529
-3.116015986068594 0.6161107619139827
-3.115342362785156 0.6061597098610102
-3.114646141539907 0.5961130306996371
-3.113925934714895 0.5859723287151222
-3.1131802417730468 0.5757392242413835
-3.1124074374444857 0.5654153535252486
-3.1116057584010126 0.5550023686035461
-3.1107732881881143 0.5445019371953819
-3.1099079401427687 0.533915742612379
-3.1090074379758112 0.5232454836901363
-3.1080692936377443 0.5124928747447787
-3.1070907820141405 0.5016596455591917
-3.1060689119080447 0.4907475414044337
-3.105000392658087 0.4797583231029067
-3.103881595607147 0.4686937671412112
-3.1027085094708533 0.45755566584228435
-3.1014766884492695 0.4463458276084816
-3.100181191667702 0.4350660772498596
-3.0988165122088516 0.42371825641517125
-3.097376493589099 0.4123042241472154
-3.0958542310105015 0.4008258575894156
-3.0942419540522854 0.3892850528772557
-3.0925308866038277 0.3776837262568651
-3.0907110787208563 0.366023815484359
-3.088771203618745 0.3543072815743451
-3.086698311077398 0.34253611098559333
-3.084477525946999 0.33071231835797876
-3.0820916769650153 0.3188379499499926
-3.079520836365827 0.3069150879739572
-3.076741744266145 0.2949458560918989
-3.0737270827759247 0.28293242642661276
-3.070444552069182 0.27087702857150125
-3.066855682509037 0.25878196126711384
-3.062914290663192 0.24664960767952604
-3.0585644484328496 0.23448245560931053
-3.053737776753735 0.22228312454976776
-3.0483497872792666 0.21005440241427192
-3.0422948584596985 0.19779929615833347
-3.0354392143994926 0.18552110276600248
-3.0276109190837306 0.17322351074524334
-3.0185853016025397 0.16091074846972225
-3.0080631947996133 0.14858780647942027
-2.995637518061499 0.1362607802902743
-2.980740282998921 0.12393741680017846
-2.96255537133564 0.11162801937258299
-2.9398686297073655 0.09934701648395487
-2.9107968122745236 0.08711583098504727
-2.872267204764538 0.07496848058286744
-2.8189457751833062 0.06296340992482552
-2.7408454657159713 0.05121103122396249
-2.617554788839306 0.03994569426684922
-2.4041556744636554 0.029737303541828554
-2.0115688436566717 0.02211257827744047
-1.4148358740770837 0.020245626315876484
-0.904496473854074 0.025438456549216094
-0.6150478914333388 0.034648304989723815
-0.4547647507746109 0.04549401117776516
-0.35767543998330337 0.05704528911128832
-0.2936651699465891 0.06894298572139056
-0.24861667364960685 0.0810288046694037
-0.21530637070975975 0.09322346057040223
-0.1897203193741035 0.10548284066128014
-0.16946968995835107 0.11778019224047807
-0.15305096923482409 0.13009807075301333
-0.13947342868525112 0.14242436676436657
-0.1280589302488582 0.15475020000145023
-0.11832824626758723 0.1670687351216807
-0.10993341107321121 0.17937448212134868
-0.10261581964722483 0.19166286545706934
-0.09617936179834473 0.20392994904634446
-0.0904726714040813 0.2161722552781916
-0.08537708530793858 0.22838664266852823
-0.0807982832640927 0.2405702211976798
-0.07666036245811163 0.2527202925014888
-0.07290155930767876 0.26483430684013665
-0.06947110885272775 0.2769098316308534
-0.0663269043599342 0.2889445281014092
-0.06343372929997103 0.30093613374373207
-0.06076190499812929 0.3128824489743257
-0.05828624438110389 0.32478132688891603
-0.05598523401937014 0.33663066532240915
-0.05384038844821243 0.3484284006467543
-0.051835735911361286 0.3601725028932756
-0.04995740537130069 0.3718609718945664
-0.04819329228048615 0.38349183421856653
-0.046532786143447975 0.3950631407234693
-0.044966546950532295 0.4065729646030866
-0.04348632055932379 0.4180193998225722
-0.04208478533636531 0.42940055986698955
-0.040755424057198446 0.4407145767422242
-0.03949241634379535 0.4519596001806706
-0.038290547900069735 0.46313379701400786
-0.03714513356409328 0.4742353506830309
-0.03605195178511025 0.4852624608604351
-0.035007188595021096 0.4962133431671017
-0.03400738950778345 0.5070862289660952
-0.03304941806864265 0.517879365221483
-0.032130420005178593 0.5285910144114109
-0.031247792116683756 0.5392194544867113
-0.030399155187161457 0.5497629788678291
-0.029582330327791742 0.5602198964740555
-0.02879531825287173 0.5705885317800491
-0.028036281073528915 0.5808672248954293
-0.027303526259469232 0.5910543316638945
-0.026595492473443276 0.6011482237788545
-0.02591073702819211 0.6111472889130325
-0.025247924753119436 0.6210499308598579
-0.0246058180892219 0.6308545696847924
-0.02398326825701441 0.6405596418849889
-0.023379207364210938 0.6501636005559168
-0.022792641338493267 0.6596649155637518
-0.02222264358640939 0.6690620737225125
-0.021668349292773247 0.6783535789750385
-0.021128950286280916 0.6875379525770341
-0.02060369040673911 0.6966137332834881
-0.020091861317586245 0.7055794775368701
-0.019592798714494326 0.7144337596565767
-0.019105878886955037 0.7231751720291553
-0.018630515595025904 0.7318023252988929
-0.018166157227971057 0.7403138485584037
-0.01771228421547985 0.7487083895388839
-0.017268406665576788 0.7569846147997411
-0.01683406220631996 0.7651412099173396
-0.01640881401098893 0.7731768796726165
-0.015992248988736888 0.7810903482373643
-0.015583976124674017 0.7888803593589812
-0.0151836249550963 0.7965456765435166
-0.014790844165109708 0.8040850832368546
-0.014405300297252338 0.8114973830038853
-0.014026676560909753 0.8187813997055383
-0.013654671733373107 0.8259359776735524
-0.013288999144322666 0.832959981882869
-0.012929385736345934 0.8398522981215547
-0.012575571194834979 0.8466118331581461
-0.01222730714125967 0.8532375149063396
-0.011884356384395764 0.8597282925869384
-0.011546492224605414 0.8660831368869849
-0.011213497806730944 0.8723010401160053
-0.010885165517577271 0.878381016359303
-0.010561296424329313 0.8843221016282362
-0.010241699750583588 0.8901233540074266
-0.00992619238697203 0.8957838537988403
-0.009614598433624477 0.9013027036626938
-0.009306748771958166 0.9066790287551351
-0.009002480663500283 0.911911976862655
-0.008701637373645781 0.9170007185331899
-0.008404067818430654 0.9219444472038678
-0.008109626232560486 0.9267423793253687
-0.007818171857079472 0.9313937544828575
-0.007529568645196384 0.9358978355134565
-0.007243684984902897 0.9402539086202275
-0.006960393437127697 0.9444612834826315
-0.006679570488267739 0.9485192933634341
-0.006401096316027077 0.952427295212037
-0.006124854567574552 0.9561846697641998
-0.005850732149105179 0.9597908216381362
-0.005578619025957164 0.9632451794269533
-0.005308408032497005 0.9665471957874212
-0.005039994691041225 0.9696963475250417
-0.004773277039133166 0.972692135675405
-0.004508155464539633 0.9755340855818097
-0.004244532547373911 0.9782217469691327
-0.00398231290878976 0.9807546940139296
-0.003721403065725681 0.9831325254107515
-0.0034617112912102097 0.9853548644346638
-0.003203147479767549 0.9874213589999508
-0.0029456230174887696 0.9893316817149989
-0.0026890506563572295 0.9910855299333394
-0.002433344392437963 0.9926826258008464
-0.00217841934755991 0.9941227162990767
-0.0019241916541365186 0.9954055732847413
-0.0016705783427860066 0.9965309935253058
-0.001417497232425386 0.997498798730704
-0.0011648668225244698 0.9983088355811658
-0.0009126061872161855 0.9989609757511493
-0.0006606348709682521 0.9994551159293735
-0.000408872785528577 0.9997911778349472
-0.00015724010786267168 0.9999691082295907
9.434282119401987e-05 0.9999888789259486
0.00034595559784267077 0.9998504867919904
0.0005976778560582521 0.9995539537515004
0.000849589368428333 0.9990993267806533
0.001101770147364834 0.9984866779006809
0.001354300546962163 0.9977161041666264
0.001607261365777535 0.996787727652192
0.001860733950814169 0.995701695430682
0.0021148003029932967 0.9944581795520452
0.0023695431844079702 0.9930573770160209
0.0026250462276600343 0.9914995097413949
0.002881394047591424 0.9897848245313714
0.0031386723557323593 0.9879135930350678
0.003396968077801956 0.9858861117051412
0.003656369474611531 0.9837027017515543
0.003916966266737381 0.9813637090914927
0.004178849763348342 0.9788695042954407
0.004442112995593883 0.9762204825294314
0.0047068508549817124 0.973417063493479
0.004973160237198474 0.9704596913562117
0.005241140191855666 0.9673488346857142
0.0055108920786732275 0.9640849863766001
0.005782519730647209 0.9606686635733268
0.006056129624785146 0.9571004075897724
0.006331831061033612 0.9533807838250915
0.006609736350067326 0.9495103816758702
0.006889961010658624 0.945489814444602
0.007172623977400093 0.9413197192445039
0.0074578478196129045 0.9370007569006973
0.007745758972338591 0.9325336118477783
0.008036487980383823 0.9279189920238035
0.008330169756467151 0.9231576287607134
0.008626943854602815 0.9182502766712315
0.008926954759953209 0.9131977135322594
0.009230352196486363 0.9080007401648066
0.009537291453891232 0.9026601803104836
0.009847933735331584 0.8971768805045981
0.010162446527760764 0.8915517099458891
0.01048100399667593 0.885785560362938
0.010803787407363293 0.8798793458773007
0.011130985574877267 0.873834002863404
0.011462795345208738 0.8676504898052531
0.011799422110333095 0.8613297871500003
0.012141080360090064 0.8548728971584303
0.012487994274138785 0.8482808437524133
0.012840398357554683 0.8415546723593929
0.01319853812399644 0.8346954497539701
0.013562670830774216 0.8277042638966523
0.013933066270600711 0.820582223769842
0.014310007625311046 0.813330459211147
0.01469379238740256 0.805950120744095
0.015084733355880014 0.7984423794063479
0.015483159713604738 0.7908084265755161
0.015889418194149112 0.7830494737926801
0.0163038743470629 0.7751667525837409
0.01672691391148006 0.767161514278729
0.017158944309151766 0.7590350298292067
0.0176003962693006 0.7507885896239301
0.018051725599179697 0.7424235033029325
0.018513415115911303 0.7339410995702214
0.01898597675710695 0.7253427260052949
0.019469953889971088 0.7166297488737108
0.019965923841106344 0.7078035529369595
0.020474500672122184 0.6988655412619327
0.020996338229460336 0.6898171350303008
0.021532133500662097 0.6806597733481605
0.02208263031369935 0.6713949130563537
0.022648623421074314 0.6620240285419103
0.02323096301628402 0.6525486115511336
0.023830559737090265 0.6429701710048984
0.024448390218005735 0.6332902328168388
0.02508550326371698 0.6235103397151732
0.02574302672606405 0.6136320510690338
0.026422175179996028 0.6036569427202988
0.02712425850899519 0.5935866068220683
0.0278506915282676 0.5834226516851159
0.028603004795096636 0.5731667016338485
0.02938285678083851 0.5628203968735672
0.030192047608958585 0.5523853933711171
0.031032534599323366 0.5418633627513803
0.03190644990199509 0.5312559922124893
0.032816120555673546 0.5205649844631753
0.033764091368774236 0.5097920576862699
0.034753151097539264 0.4989389455331855
0.03578636248889194 0.4880073971551003
0.036867096870212786 0.476999177277748
0.03799907410930569 0.46591606632812144
0.03918640894259279 0.4547598606231614
0.040433664887195554 0.44353237263268763
0.04174591722502015 0.4322354313315729
0.043128826890053186 0.42087088265961603
0.04458872752472025 0.40944059011194184
0.04613272852531758 0.3979464354883438
0.04776883760782957 0.38639031983714767
0.049506107344964606 0.3747741646384541
0.05135481132291572 0.36309991328367963
0.05332665713880511 0.3513695329242159
0.05543504554186959 0.33958501678302166
0.057695387803317635 0.32774838705109466
0.06012549715254573 0.3158616985287111
0.06274607523214185 0.3039270432230898
0.0655813215722159 0.29194655618553605
0.06865970391221933 0.279922422970778
0.07201494107683824 0.2678568892421064
0.07568726998188845 0.25575227324791006
0.07972509721751486 0.2436109821891313
0.0841871782887024 0.23143553393193225
0.08914553165999893 0.2192285861744845
0.09468939289210503 0.20699297618189652
0.10093066769115308 0.19473177577981876
0.1080115885162545 0.18244836882946908
0.11611568322207835 0.17014656258223457
0.1254838468372354 0.15783075140208114
0.1364384989345427 0.14550616378699865
0.14942096435393254 0.13317924628806804
0.16505127596505548 0.12085828101126944
0.1842276112418001 0.10855441938641294
0.20829924119816542 0.09628349653286614
0.23938368179596195 0.08406940043716797
0.28098573882710665 0.07195076981287332
0.33929737011627403 0.05999546562593275
0.42615887400467317 0.048335186959178905
0.5663090596105336 0.03725876977634298
0.8144436814894965 0.027492413494527097
1.2661105571767122 0.02096523667046698
1.8754820964130405 0.02096523667046671
2.3271489721002734 0.02749241349452649
2.575283593979247 0.03725876977634224
2.7154337795851125 0.0483351869591781
2.8022952834735144 0.05999546562593192
2.860606914762683 0.07195076981287246
2.902208971793831 0.08406940043716797
2.9332934123916257 0.09628349653286529
2.9573650423479916 0.10855441938641208
2.9765413776247365 0.1208582810112686
2.9921716892358594 0.13317924628806715
3.0051541546552496 0.1455061637869978
3.0161088067525568 0.15783075140208025
3.025476970367714 0.17014656258223368
3.033581065073538 0.18244836882946822
3.0406619858986397 0.1947317757798179
3.046903260697688 0.20699297618189566
3.0524471219297937 0.21922858617448363
3.05740547530109 0.2314355339319314
3.0618675563722784 0.2436109821891313
3.0659053836079044 0.2557522732479092
3.0695777125129546 0.2678568892421055
3.0729329496775737 0.2799224229707772
3.076011332017577 0.2919465561855352
3.078846578357651 0.303927043223089
3.081467156437247 0.31586169852871027
3.0838972657864754 0.3277483870510938
3.086157608047923 0.33958501678302083
3.0882659964509878 0.3513695329242151
3.0902378422668773 0.36309991328367885
3.0920865462448286 0.3747741646384532
3.0938238159819633 0.38639031983714683
3.0954599250644756 0.3979464354883429
3.0970039260650726 0.409440590111941
3.09846382669974 0.4208708826596152
3.099846736364773 0.4322354313315721
3.1011589887025974 0.4435323726326868
3.1024062446472 0.45475986062316065
3.103593579480487 0.46591606632812066
3.1047255567195804 0.4769991772777472
3.105806291100901 0.48800739715509955
3.106839502492254 0.49893894553318474
3.1078285622210187 0.5097920576862691
3.1087765330341197 0.5205649844631745
3.109686203687798 0.5312559922124886
3.1105601189904695 0.5418633627513795
3.1114006059808346 0.5523853933711164
3.1122097968089544 0.5628203968735664
3.1129896487946964 0.5731667016338479
3.1137419620615256 0.5834226516851152
3.114468395080798 0.5935866068220675
3.115170478409797 0.6036569427202981
3.115849626863729 0.6136320510690332
3.116507150326076 0.6235103397151724
3.117144263371787 0.633290232816838
3.117762093852703 0.6429701710048977
3.118361690573509 0.652548611551133
3.118944030168719 0.6620240285419103
3.119510023276094 0.671394913056353
3.120060520089131 0.6806597733481599
3.120596315360333 0.6898171350303003
3.121118152917671 0.698865541261932
3.121626729748687 0.707803552936959
3.122122699699822 0.71662974887371
3.122606676832686 0.7253427260052944
3.1230792384738817 0.7339410995702208
3.1235409279906134 0.7424235033029318
3.1239922573204923 0.7507885896239296
3.124433709280641 0.7590350298292061
3.124865739678313 0.7671615142787284
3.12528877924273 0.7751667525837409
3.125703235395644 0.7830494737926795
3.1261094938761884 0.7908084265755155
3.126507920233913 0.7984423794063473
3.1268988612023905 0.8059501207440944
3.127282645964482 0.8133304592111466
3.1276595873191924 0.8205822237698416
3.128029982759019 0.8277042638966519
3.1283941154657966 0.8346954497539697
3.1287522552322384 0.8415546723593924
3.1291046593156544 0.8482808437524127
3.1294515732297032 0.8548728971584298
3.12979323147946 0.8613297871499997
3.1301298582445845 0.8676504898052527
3.1304616680149158 0.8738340028634035
3.1307888661824297 0.8798793458773002
3.1311116495931173 0.8857855603629375
3.1314302070620323 0.8915517099458887
3.1317447198544617 0.8971768805045977
3.132055362135902 0.9026601803104831
3.132362301393307 0.9080007401648061
3.13266569882984 0.9131977135322591
3.13296570973519 0.9182502766712312
3.133262483833326 0.9231576287607131
3.1335561656094093 0.9279189920238031
3.1338468946174545 0.9325336118477779
3.1341348057701803 0.937000756900697
3.134420029612393 0.9413197192445034
3.1347026925791344 0.9454898144446018
3.134982917239726 0.9495103816758699
3.1352608225287595 0.9533807838250913
3.135536523965008 0.9571004075897723
3.1358101338591458 0.9606686635733267
3.13608176151112 0.9640849863765998
3.1363515133979374 0.967348834685714
3.136619493352595 0.9704596913562115
3.1368858027348114 0.9734170634934789
3.1371505405941993 0.9762204825294312
3.137413803826445 0.9788695042954407
3.1376756873230556 0.9813637090914925
3.1379362841151814 0.9837027017515542
3.1381956855119912 0.985886111705141
3.138453981234061 0.9879135930350676
3.1387112595422018 0.9897848245313713
3.138967607362133 0.9914995097413948
3.139223110405385 0.9930573770160208
3.1394778532867997 0.9944581795520451
3.139731919638979 0.995701695430682
3.1399853922240157 0.9967877276521919
3.140238353042831 0.9977161041666264
3.1404908834424283 0.9984866779006809
3.1407430642213647 0.9990993267806533
3.1409949757337348 0.9995539537515002
3.14124669799195 0.9998504867919904
3.141498310768599 0.9999888789259486
-3.141435413481931 0.9999691082295907
-3.1411837808042646 0.9997911778349473
-3.140932018718825 0.9994551159293736
-3.140680047402577 0.9989609757511494
-3.140427786767269 0.9983088355811659
-3.140175156357368 0.9974987987307041
-3.139922075247007 0.9965309935253059
-3.1396684619356567 0.9954055732847414
-3.1394142342422335 0.9941227162990768
-3.1391593091973555 0.9926826258008464
-3.138903602933436 0.9910855299333395
-3.1386470305723044 0.989331681714999
-3.138389506110026 0.9874213589999511
-3.138130942298583 0.9853548644346639
-3.137871250524068 0.9831325254107518
-3.1376103406810034 0.9807546940139297
-3.1373481210424194 0.9782217469691327
-3.1370844981252537 0.9755340855818099
-3.13681937655066 0.972692135675405
-3.136552658898752 0.969696347525042
-3.1362842455572966 0.9665471957874212
-3.136014034563836 0.9632451794269536
-3.135741921440688 0.9597908216381362
-3.135467799022219 0.9561846697642004
-3.135191557273766 0.9524272952120373
-3.1349130831015257 0.9485192933634347
-3.1346322601526655 0.9444612834826316
-3.1343489686048907 0.9402539086202283
-3.134063084944597 0.9358978355134568
-3.133774481732714 0.9313937544828575
-3.133483027357233 0.9267423793253693
-3.1331885857713626 0.9219444472038678
-3.1328910162161474 0.9170007185331902
-3.1325901729262933 0.911911976862655
-3.1322859048178353 0.9066790287551354
-3.131978055156169 0.901302703662694
-3.1316664612028213 0.8957838537988411
-3.1313509538392097 0.890123354007427
-3.131031357165464 0.884322101628237
-3.130707488072216 0.8783810163593034
-3.1303791557830625 0.8723010401160062
-3.130046161365188 0.8660831368869853
-3.1297082972053976 0.8597282925869384
-3.129365346448534 0.85323751490634
-3.1290170823949586 0.8466118331581461
-3.1286632678534474 0.8398522981215553
-3.1283036544454705 0.832959981882869
-3.1279379818564204 0.8259359776735529
-3.1275659770288837 0.8187813997055389
-3.127187353292541 0.8114973830038864
-3.1268018094246837 0.8040850832368551
-3.126409028634697 0.7965456765435177
-3.1260086774651192 0.7888803593589817
-3.1256004046010566 0.7810903482373655
-3.1251838395788045 0.7731768796726171
-3.1247585913834732 0.7651412099173396
-3.1243242469242167 0.7569846147997417
-3.1238803693743136 0.7487083895388839
-3.1234264963618226 0.7403138485584045
-3.1229621379947674 0.7318023252988933
-3.122486774702838 0.7231751720291562
-3.121999854875299 0.714433759656577
-3.121500792272207 0.705579477536871
-3.1209889631830543 0.6966137332834884
-3.1204637033035123 0.6875379525770353
-3.11992430429702 0.6783535789750391
-3.119370010003384 0.6690620737225137
-3.1188000122513 0.6596649155637526
-3.1182134462255826 0.6501636005559168
-3.117609385332779 0.6405596418849897
-3.1169868355005717 0.6308545696847924
-3.116344728836674 0.6210499308598589
-3.115681916561601 0.6111472889130328
-3.1149971611163503 0.6011482237788556
-3.114289127330324 0.5910543316638949
-3.1135563725162645 0.5808672248954304
-3.112797335336922 0.5705885317800494
-3.1120103232620018 0.5602198964740569
-3.111193498402632 0.54976297886783
-3.1103448614731097 0.5392194544867113
-3.109462233584615 0.5285910144114117
-3.1085432355211506 0.517879365221483
-3.10758526408201 0.5070862289660959
-3.1065854649947724 0.4962133431671021
-3.1055407018046832 0.4852624608604363
-3.1044475200257002 0.4742353506830313
-3.103302105689724 0.46313379701400903
-3.102100237245998 0.451959600180671
-3.100837229532595 0.44071457674222536
-3.0995078682534283 0.42940055986698994
-3.09810633303047 0.4180193998225738
-3.096626106639261 0.4065729646030874
-3.0950598674463454 0.39506314072346926
-3.093399361309307 0.38349183421856736
-3.0916352482184926 0.37186097189456635
-3.0897569176784323 0.3601725028932764
-3.087752265141581 0.3484284006467547
-3.0856074195704233 0.33663066532241037
-3.0833064092086895 0.3247813268889165
-3.0808307485916644 0.312882448974327
-3.0781589242898226 0.3009361337437325
-3.0752657492298594 0.28894452810141047
-3.072121544737066 0.2769098316308543
-3.0686910942821153 0.2648343068401383
-3.064932291131682 0.2527202925014897
-3.060794370325701 0.2405702211976798
-3.0562155682818553 0.22838664266852907
-3.0511199821857122 0.2161722552781916
-3.045413291791449 0.2039299490463453
-3.0389768339425687 0.19166286545706976
-3.031659242516583 0.17937448212134996
-3.0232644073222064 0.1670687351216811
-3.0135337233409363 0.1547502000014515
-3.0021192249045425 0.14242436676436698
-2.988541684354971 0.13009807075301463
-2.9721229636314437 0.11778019224047895
-2.951872334215693 0.10548284066128188
-2.9262862828800356 0.0932234605704031
-2.8929759799401866 0.0810288046694037
-2.847927483643208 0.0689429857213914
-2.78391721360649 0.05704528911128832
-2.686827902815191 0.04549401117776595
-2.526544762156462 0.034648304989724175
-2.2370961797357607 0.025438456549216917
-1.7267567795127314 0.020245626315876553
-1.130023809933176 0.022112578277439898
-0.7374369791261479 0.029737303541828224
-0.5240378647505043 0.03994569426684807
-0.40074718787382885 0.05121103122396168
-0.32264687840649614 0.06296340992482383
-0.2693254488252585 0.07496848058286659
-0.23079584131526973 0.08711583098504727
-0.20172402388242955 0.09934701648395401
-0.17903728225415308 0.11162801937258299
-0.16085237059087326 0.1239374168001776
-0.14595513552829498 0.13626078029027386
-0.13352945879018122 0.148587806479419
-0.12300735198725402 0.1609107484697218
-0.1139817345060636 0.17322351074524206
-0.10615343919030117 0.18552110276600206
-0.09929779513009565 0.19779929615833217
-0.09324286631052707 0.21005440241427106
-0.08785487683605914 0.22228312454976606
-0.08302820515694391 0.23448245560930966
-0.07867836292660133 0.24664960767952604
-0.07473697108075633 0.25878196126711306
-0.07114810152061109 0.2708770285715013
-0.06786557081386906 0.2829324264266115
-0.06485090932364872 0.2949458560918985
-0.06207181722396673 0.30691508797395595
-0.05950097662477828 0.3188379499499922
-0.05711512764279461 0.3307123183579775
-0.05489434251239561 0.3425361109855929
-0.05282144997104876 0.3543072815743438
-0.05088157486893738 0.3660238154843582
-0.04906176698596591 0.3776837262568634
-0.04735069953750787 0.38928505287725484
-0.045738422579291754 0.4008258575894156
-0.044216160000694414 0.4123042241472146
-0.04277614138094164 0.42371825641517125
-0.04141146192209188 0.43506607724985835
-0.040115965140523756 0.44634582760848124
-0.03888414411894 0.45755566584228324
-0.03771105798264637 0.4686937671412108
-0.036592260931706734 0.47975832310290556
-0.03552374168174862 0.4907475414044334
-0.034501871575652945 0.5016596455591903
-0.0335233599520489 0.5124928747447779
-0.03258521561398239 0.5232454836901348
-0.031684713447024615 0.5339157426123782
-0.030819365401679056 0.5445019371953819
-0.029986895188780876 0.5550023686035453
-0.02918521614530755 0.5654153535252486
-0.028412411816746475 0.5757392242413824
-0.02766671887489844 0.5859723287151218
-0.026946512049886323 0.596113030699636
-0.026250290804637137 0.6061597098610099
-0.02557666752119965 0.6161107619139817
-0.02492435700248294 0.6259645987685286
-0.024292167121627715 0.6357196486855327
-0.023678990475229394 0.6453743564400934
-0.023083796916854284 0.6549271834911629
-0.022505626864358343 0.6643766081564387
-0.021943585288988925 0.6737211257915182
-0.021396836306537485 0.6829592489725029
-0.020864598301289495 0.6920895076813149
-0.02034613952247018 0.7011104494930669
-0.01984077410055334 0.7100206397649549
-0.019347858437395313 0.7188186618261383
-0.01886678792982827 0.7275031171682053
-0.018396993991252372 0.7360726256357938
-0.017937941340003958 0.7445258256170623
-0.01748912552696002 0.7528613742336561
-0.01705007067803368 0.7610779475299357
-0.01662032743000607 0.7691742406611762
-0.016199471040568274 0.7771489680805509
-0.015787099655579173 0.7850008637246622
-0.01538283271840644 0.7927286811974656
-0.014986309507858118 0.8003311939524044
-0.014597187792652832 0.8078071954725976
-0.014215142591644721 0.8151554994489671
-0.013839865030143493 0.8223749399561444
-0.01347106128365796 0.8294643716260748
-0.013108451601273148 0.8364226698191792
-0.01275176940164705 0.8432487307930069
-0.012400760435308708 0.8499414718682556
-0.012055182007552333 0.8564998315921081
-0.011714802256774617 0.8629227698987725
-0.01137939948358942 0.8692092682671874
-0.011048761526495114 0.8753583298757919
-0.010722685180259421 0.8813689797543218
-0.010400975653539458 0.8872402649325624
-0.01008344606257008 0.8929712545859926
-0.009769916958035115 0.8985610401782925
-0.009460215882493595 0.9040087356006361
-0.00915417695595936 0.9093134773077488
-0.00885164048744231 0.914474424450664
-0.008552452610443257 0.9194907590061573
-0.00825646494056573 0.9243616859028002
-0.007963534253557777 0.9290864331436149
-0.007673522182237491 0.9336642519252779
-0.007386294930878601 0.9380944167538524
-0.007101723005747302 0.9423762255570148
-0.0068196809605842795 0.9465089997927368
-0.0065400471559179 0.9504920845544123
-0.006262703531181613 0.9543248486723811
-0.005987535388683245 0.9580066848118469
-0.005714431188546563 0.9615370095671432
-0.005443282353806865 0.9649152635523444
-0.005173983084902936 0.9681409114881832
-0.004906430182858159 0.9712134422852702
-0.004640522880494261 0.97413236912358
-0.004376162681062555 0.9768972295282033
-0.004113253203719886 0.9795075854413292
-0.0038517000353107084 0.981963023290458
-0.003591410587951051 0.9842631540528222
-0.0033322939619401513 0.9864076133159961
-0.0030742608135514013 0.9883960613346953
-0.0028172232272809976 0.9902281830837376
-0.002561094592152609 0.9919036883071676
-0.002305789481698741 0.9934223115635241
-0.002051223537255169 0.9947838122672494
-0.0017973133542231808 0.9959879747262244
-0.001543976370966337 0.9970346081754271
-0.001291130760023343 0.9979235468067043
-0.0010386953213273045 0.9986546497946521
-0.0007865893771333472 0.9992278013185991
-0.0005347326683626016 0.999642910580687
-0.0002830452520783978 0.9998999118200467
-3.144739981578644e-05 0.9999987643230662
0.00022014050351178892 0.9999394524297471
0.0004717980604001819 0.9997219855361494
0.0007236049615089378 0.9993463980929254
0.0009756410866523043 0.9988127495999393
0.001227986606300141 0.9981211245969782
0.0014807220838620873 0.9972716326505535
0.0017339285790342613 0.9962644083367941
0.001987687752490411 0.9950996112204403
0.0022420819722079963 0.9937774258299358
0.0024971944217250827 0.9922980616286291
0.0027531092106350095 0.9906617529820865
0.0030099114876351546 0.9888687591215235
0.00326768755645826 0.9869193641033659
0.0035265249950299166 0.9848138767649435
0.0037865127782093465 0.9825526306763313
0.004047741404490468 0.9801359840883439
0.004310303027057346 0.9775643198766979
0.004574291589612213 0.9748380454823502
0.004839802967415884 0.9719575928480308
0.005106935114009309 0.9689234183509762
0.005375788214111897 0.9657360027318874
0.005646464843226921 0.962395851020119
0.005919070134517345 0.958903492455125
0.006193711953556636 0.9552594804041715
0.006470501081600564 0.9514643922763395
0.006749551408073108 0.9475188294328395
0.007030980133012616 0.9434234170936514
0.0073149079802789846 0.9391788042405241
0.007601459422387462 0.9347856635163438
0.007890762917900668 0.9302446911209131
0.008182951162388338 0.9255566067031468
0.008478161354044543 0.9207221532497358
0.00877653547514595 0.9157420969702846
0.00907822059063237 0.9106172271789741
0.009383369165204202 0.9053483561727643
0.009692139400450592 0.8999363191061897
0.010004695593659208 0.8943819738627657
0.010321208520105655 0.8886862009230557
0.010641855840784956 0.8828499032294416
0.010966822537730979 0.8768740060476268
0.011296301379268759 0.8707594568249377
0.011630493417770966 0.8645072250454494
0.011969608522735027 0.8581183020820125
0.012313865952276138 0.8515937010452072
0.012663494966435287 0.8449344566293148
0.013018735486046481 0.8381416249553364
0.013379838801285533 0.831216283411159
0.01374706833445224 0.8241595304889061
0.014120700462010938 0.8169724856195846
0.014501025401451194 0.8096562890050824
0.014888348169127177 0.8022121014476179
0.015282989615906692 0.7946411041767486
0.01568528754821928 0.786944498674016
0.016095597942941874 0.7791235064953755
0.01651429626552582 0.7711793690914995
0.016941778901852684 0.7631133476261233
0.017378464715540234 0.7549267227925492
0.017824796743812755 0.7466207946285053
0.018281244046638934 0.7381968823295013
0.01874830372564239 0.7296563240609181
0.019226503131352032 0.7210004767690092
0.01971640227970784 0.7122307159910988
0.02021859650143415 0.7033484356652088
0.020733719350979597 0.6943550479394378
0.02126244580527493 0.685251982981434
0.021805495786654708 0.6760406887883149
0.022363638049011217 0.6667226309974995
0.022937694471724238 0.6572992926988922
0.023528544812253055 0.6477721742490075
0.02413713197566595 0.6381427930876159
0.024764467867988502 0.6284126835576584
0.02541163991032663 0.6185833967291975
0.026079818302522234 0.6086565002283757
0.026770264138989374 0.5986335780724048
0.027484338495749713 0.5885162305118609
0.028223512627065038 0.5783060738816798
0.028989379433057003 0.5680047404625209
0.0297836663870861 0.5576138783544513
0.030608250144387006 0.5471351513651728
0.03146517309269128 0.5365702389154976
0.032356662152809905 0.5259208359651543
0.033285150194221465 0.515188652962675
0.03425330049997654 0.5043754158237227
0.03526403479961487 0.49348286594314844
0.036320565492088924 0.4825127602470255
0.03742643280768742 0.47146687129226594
0.03858554781488918 0.46034698742292846
0.039802242372964654 0.44915491299433397
0.04108132737447178 0.43789246867855774
0.042428160927315474 0.4265614918678842
0.04384872851189391 0.41516383719678557
0.04534973763924231 0.4037013772078231
0.04693873016336329 0.3921760031932931
0.048624216208944616 0.38058962625248
0.050415834724057154 0.3689441786150562
0.052324547038359655 0.3572416152948956
0.05436287161476774 0.3454839161569192
0.05654517058644669 0.33367308850376975
0.05888800189801594 0.32181117032183854
0.061410555245194565 0.30990023437033726
0.06413519600267299 0.2979423933578747
0.06708814963990804 0.2859398065352215
0.07030037078401816 0.27389468815118523
0.07380865766527424 0.2618093183870098
0.07765709658564135 0.24968605762778465
0.08189895606095933 0.23752736528617868
0.08659920243016055 0.22533582492595602
0.09183788782056848 0.21311417824191914
0.09771478377161355 0.20086537170807436
0.10435582750217903 0.18859262169774477
0.11192226181785137 0.17629950711960163
0.12062387271653331 0.16399010403357628
0.13073862674864306 0.15166918606216406
0.14264260498143969 0.13934253112384107
0.15685707293707848 0.12701740608981793
0.17412519529658496 0.11470336143981882
0.19554237971471405 0.1024135920290355
0.22278880643966642 0.09016739051277972
0.25856879023835644 0.07799485338630739
0.3074990794253144 0.06594661367339573
0.37805050212756813 0.05411591254439449
0.4871511694181617 0.04269454916523279
0.6715690306658054 0.0321330555044423
1.0093396391452165 0.023625374877077155
1.5707963267948843 0.02
